0: none
1: wall
3: enemy
4: rock
5: block
6: lock
8: static trap
9: up trap
10: down trap

stage4: 21
  px: 1,
  py: 1,
  gx: 6,
  gy: 5,
  keyx: -1,
  keyy: -1,
  map_info: [
    [1, 1, 1, 1, 1, 1, 1, 1, 1, 1],
    [1, 0, 0, 5, 9, 3, 0, 0, 1, 1],
    [1, 3, 5, 0, 10, 1, 1, 3, 1, 1],
    [1, 1, 0, 5, 0, 1, 1, 0, 1, 1],
    [1, 1, 5, 0, 5, 0, 1, 0, 1, 1],
    [1, 0, 10, 0, 5, 0, 0, 0, 1, 1],
    [1, 10, 5, 5, 5, 5, 1, 1, 1, 1],
    [1, 0, 10, 0, 10, 0, 0, 1, 1, 1],
    [1, 1, 1, 1, 1, 1, 1, 1, 1, 1],
    [1, 1, 1, 1, 1, 1, 1, 1, 1, 1]
  ],
stage5: 30
  px: 0,
  py: 7,
  gx: 3,
  gy: 9,
  keyx: 8,
  keyy: 2,
  map_info: [
    [1, 1, 1, 1, 1, 1, 1, 1, 1, 1],
    [1, 1, 1, 1, 1, 1, 1, 1, 1, 1],
    [1, 1, 0, 1, 0, 0, 0, 0, 0, 1],
    [1, 1, 8, 0, 3, 5, 0, 0, 1, 1],
    [1, 1, 0, 5, 0, 0, 1, 0, 1, 1],
    [1, 1, 10, 5, 0, 0, 1, 0, 1, 1],
    [1, 1, 8, 1, 5, 1, 1, 3, 1, 1],
    [0, 0, 0, 9, 10, 9, 0, 9, 1, 1],
    [1, 1, 6, 1, 1, 1, 1, 1, 1, 1],
    [1, 1, 0, 0, 1, 1, 1, 1, 1, 1]
  ],
stage2: 16
  px: 1,
  py: 2,
  gx: 5,
  gy: 6,
  keyx: -1,
  keyy: -1,
  map_info: [
    [1, 1, 1, 1, 1, 1, 1, 1, 1, 1],
    [1, 1, 1, 1, 1, 1, 1, 1, 1, 1],
    [1, 0, 0, 5, 5, 0, 0, 0, 1, 1],
    [1, 0, 5, 0, 0, 5, 0, 0, 1, 1],
    [1, 5, 0, 1, 5, 0, 1, 0, 1, 1],
    [1, 0, 3, 5, 0, 5, 0, 5, 1, 1],
    [1, 1, 5, 3, 1, 0, 1, 0, 1, 1],
    [1, 1, 0, 5, 3, 0, 1, 0, 1, 1],
    [1, 1, 1, 0, 1, 1, 1, 1, 1, 1],
    [1, 1, 1, 1, 1, 1, 1, 1, 1, 1],
  ],
stage1: 11
  px: 2,
  py: 2,
  gx: 5,
  gy: 8,
  keyx: -1,
  keyy: -1,
  map_info: [
    [1, 1, 1, 1, 1, 1, 1, 1, 1, 1],
    [1, 1, 1, 1, 1, 1, 1, 1, 1, 1],
    [1, 1, 0, 0, 0, 0, 1, 1, 1, 1],
    [1, 1, 5, 0, 0, 5, 1, 1, 1, 1],
    [1, 1, 0, 5, 5, 0, 1, 1, 1, 1],
    [1, 1, 0, 0, 3, 0, 1, 1, 1, 1],
    [1, 1, 0, 8, 5, 0, 1, 1, 1, 1],
    [1, 1, 1, 0, 3, 0, 1, 1, 1, 1],
    [1, 1, 1, 1, 1, 0, 1, 1, 1, 1],
    [1, 1, 1, 1, 1, 1, 1, 1, 1, 1],
  ],
stage6: 30
  px: 1,
  py: 3,
  gx: 4,
  gy: 1,
  keyx: 8,
  keyy: 5,
  map_info: [
    [1, 1, 1, 1, 1, 1, 1, 1, 1, 1],
    [1, 1, 1, 1, 0, 0, 1, 1, 1, 1],
    [1, 1, 1, 0, 5, 6, 1, 1, 1, 1],
    [1, 0, 0, 5, 5, 0, 1, 0, 1, 1],
    [1, 0, 0, 5, 0, 0, 5, 5, 1, 1],
    [1, 0, 5, 0, 0, 5, 0, 0, 0, 1],
    [1, 5, 1, 5, 3, 0, 5, 5, 5, 0],
    [1, 0, 5, 0, 0, 1, 1, 0, 1, 1],
    [1, 0, 1, 0, 0, 0, 0, 0, 1, 1],
    [1, 1, 1, 1, 1, 1, 1, 1, 1, 1],
  ],
stage3: 21
  px: 4,
  py: 8,
  gx: 5,
  gy: 0,
  keyx: -1,
  keyy: -1,
  map_info: [
    [1, 0, 5, 0, 0, 0, 1, 1, 1, 1],
    [0, 5, 0, 5, 1, 0, 1, 0, 0, 1],
    [0, 1, 8, 5, 0, 0, 0, 5, 0, 1],
    [5, 0, 0, 0, 1, 0, 1, 0, 0, 1],
    [0, 0, 8, 5, 0, 0, 0, 1, 0, 1],
    [0, 0, 5, 0, 1, 0, 5, 1, 0, 1],
    [1, 5, 1, 1, 1, 5, 1, 1, 5, 1],
    [1, 0, 0, 0, 0, 0, 3, 0, 0, 1],
    [1, 1, 1, 1, 0, 1, 1, 1, 1, 1],
    [1, 1, 1, 1, 1, 1, 1, 1, 1, 1],
  ],
